LexicalReordering0= 0.109441
LexicalReordering0= 0.0197904
LexicalReordering0= 0.145882
LexicalReordering0= 0.0277176
LexicalReordering0= 0.11485
LexicalReordering0= 0.0925523
Distortion0= -0.0342031
LM0= 0.0322611
WordPenalty0= 0.147027
PhrasePenalty0= 0.0714667
TranslationModel0= 0.0399722
TranslationModel0= 0.0125959
TranslationModel0= 0.117467
TranslationModel0= 0.034774
