LexicalReordering0= 0.327651
LexicalReordering0= 0.0023384
LexicalReordering0= 0.116
LexicalReordering0= -0.0364419
LexicalReordering0= 0.108734
LexicalReordering0= 0.0687778
Distortion0= 0.0310668
LM0= 0.0465564
WordPenalty0= 0.0322555
PhrasePenalty0= 0.0688146
TranslationModel0= 0.028795
TranslationModel0= 0.0138781
TranslationModel0= 0.105572
TranslationModel0= 0.0131185
