LexicalReordering0= 0.379969
LexicalReordering0= 0.0200455
LexicalReordering0= 0.0850123
LexicalReordering0= -0.033438
LexicalReordering0= 0.0724937
LexicalReordering0= 0.0103948
Distortion0= 0.0791305
LM0= 0.0223031
WordPenalty0= 0.0754522
PhrasePenalty0= 0.0752892
TranslationModel0= 0.00650542
TranslationModel0= 0.00429108
TranslationModel0= 0.0880646
TranslationModel0= 0.0476101
